Map: Town07
Vehicle number: 0
Collision results: [0, 0, 1, 0, 0, 0, 0, -1, 0, 0, 0, 0, 0, 0, 11, -1, 0, 5, 8, 58, 0, 29, 6, 3, 0, -1, 0, 3, 0, 0, 0, -1, 20, -1, -1, 0, 0, 40, 0, 0, 0, 0, 0, 0, 0, 0, 0, 0, 4, 0]
Agent 1: 68.0

Map: Town07
Vehicle number: 100
Collision results: [6, -1, 5, 0, 8, -1, -1, 0, -1, 3, -1, -1, -1, 0, -1, 2, 0, -1, 5, 3, 0, 0, 472, -1, -1, -1, 0, -1, -1, 0, 0, 0, 6, 0, 0, 0, -1, -1, -1, 0, -1, 0, 0, 0, 0, 0, -1, 0, -1, 0]
Agent 1: 5.0

Map: Town10HD_Opt
Vehicle number: 0
Collision results: [0, 0, 0, 0, 0, 0, -1, 0, 0, 0, 0, 0, 1, 0, 0, 0, 0, 0, 0, 0, 0, 0, -1, 0, 0, 1, 0, 0, 0, 0, 0, -1, 0, 0, 0, 33, 0, 0, 2, 0, 0, 0, 0, 0, 0, 3, 0, 2, 0, -1]
Agent 1: 87.0

Map: Town10HD_Opt
Vehicle number: 100
Collision results: [0, 0, 0, 10, 0, 23, -1, 1, 0, 2, -1, -1, 0, 0, 0, 0, 0, 13, 0, 0, 0, 0, 33, 0, 0, 0, 0, -1, 0, 1, 2, 0, 0, 1, 0, 0, 0, 0, 193, -1, -1, 2, 0, -1, 0, 0, -1, 26, 2, 0]
Agent 1: 51.5

Map: Town01
Vehicle number: 0
Collision results: [0, 0, 0, 0, 0, 107, 0, 0, 1, 0, 0, 0, 1, 0, 0, 0, 0, 0, 0, 0, 147, 0, 0, 0, 0, 106, 2, 0, 0, 80, 0, 0, 0, 0, 1, 2, 0, 0, 0, 0, 0, 0, 0, 3, 1, 0, 0, 0, 0, 0]
Agent 1: 54.9

Map: Town01
Vehicle number: 100
Collision results: [0, 0, 0, -1, 0, 0, -1, 0, 0, 0, 0, 0, -1, 0, 0, -1, -1, 0, 144, 0, -1, 0, 0, 0, 0, 3, -1, 0, 0, 25, 0, -1, 0, 0, 0, 2, 0, 5, 3, 0, -1, 0, -1, 0, -1, -1, -1, 0, -1, 12]
Agent 1: 49.8

